0
0
0
0
1
r
0
0
0
1
H
0
1
M
1
>
0
1
,
0
0
1
/
1
I
0
1
D
1
'
1
u
0
1
n
1
t
0
0
1
s
0
0
0
0
0
0
1
x
1
R
1
q
1
T
0
0
1
(
1
)
0
1
"
0
1
1
1
S
1


1
f
0
1
a
1
i
0
0
0
0
1
h
0
0
0
1
<
0
0
1
2
1
5
1
A
1
.
1
b
0
1
l
1
d
0
1
o
0
0
1
y
1
g
1
c
0
1
 
0
0
1
m
0
0
1
w
0
0
1
-
0
1
9
1
C
1
v
1
p
1
e
0
0
0
0
0
1
n
0
1
s
1
r
1
-
1
 
0
0
0
0
1
p
0
0
1
=
1
j
0
0
1
T
1
b
0
1
A
1
%
0
0
1
;
0
1
z
1
,
1
a
0
0
0
1
u
1
v
0
1
f
1
c
0
0
1
l
1
"
0
0
0
1
<
1
h
0
1
k
0
1
#
0
1
P
1
|
0
0
1
{
0
1
&
1
!
0
1
}
0
1
Z
1
>
0
0
0
1
t
0
1
)
1
(
0
0
1
d
0
0
1
x
1
y
1
*
1
i
0
0
1


0
0
0
1
m
1
.
0
0
1
L
1
M
0
1
+
1
I
1
o
0
1
e
0
0
0
1
1
1
\
0
0
1
[
1
]
0
1
g
0
1
C
0
1
?
1
w
0
0
1
/
0
1
0
1
X
0
0
1
N
1
S
0
1
:
1
_
0
0
1
^
1
]
1
l
